AddModel('Mainhall','Mainhall.obj','',0.9238795,0,0.3826835,0,0,1,0,0,-0.3826835,0,0.9238795,0,0,0,0,1)
AddModel('Door','Door.obj','',2.340595,0,0,0,0,2.340595,0,0,0,0,2.340595,0,-0.51,0,-11.15,1)
AddModel('Desk','Desk.obj','',1,0,0,0,0,1,0,0,0,0,1,0,0,0,0,1)
AddModel('Chair','Chair.obj','',1,0,0,0,0,1,0,0,0,0,1,0,0,0,0,1)
AddModel('Touchpad','Touchpad.obj','',1,0,0,0,0,1,0,0,0,0,1,0,0,1.458,1.92,1)
AddModel('Crate3','Crate3.obj','',1,0,0,0,0,1,0,0,0,0,1,0,-4.71,0,0,1)
AddModel('Crate2','Crate2.obj','',1,0,0,0,0,1,0,0,0,0,1,0,-4.71,0,1.04,1)
AddModel('Crate1','Crate1.obj','',0.9251345,0,0.3796394,0,0,1,0,0,-0.3796394,0,0.9251345,0,-4.71,1.01,0,1)
AddModel('Crate3','Crate3.obj','',1,0,0,0,0,1,0,0,0,0,1,0,-9.37,4.775,-8.14,1)
AddModel('Crate3','Crate3.obj','',1,0,0,0,0,1,0,0,0,0,1,0,-10.49,4.775,-8.67,1)
AddModel('Crate3','Crate3.obj','',1,0,0,0,0,1,0,0,0,0,1,0,-10.51,4.775,-7.58,1)
AddModel('Crate2','Crate2.obj','',1,0,0,0,0,1,0,0,0,0,1,0,-9.89,5.84,-8.14,1)
AddModel('Crate2','Crate2.obj','',1,0,0,0,0,1,0,0,0,0,1,0,0,0,0,1)
AddModel('Crate1','Crate1.obj','',0.8491407,0,-0.5281667,0,0,1,0,0,0.5281667,0,0.8491407,0,4.7,0,0,1)
AddModel('Crate1','Crate1.obj','',0.8491407,0,-0.5281667,0,0,1,0,0,0.5281667,0,0.8491407,0,4.7,0,0.967,1)
AddModel('Crate2','Crate2.obj','',0.8491407,0,-0.5281667,0,0,1,0,0,0.5281667,0,0.8491407,0,4.7,0.953,0.49,1)
AddModel('Crate1','Crate1.obj','',0.8902864,0,-0.4554009,0,0,1,0,0,0.4554009,0,0.8902864,0,1.371,2.192,3.085,1)
AddModel('Crate1','Crate1.obj','',1,0,0,0,0,1,0,0,0,0,1,0,10.1,4.777398,-8.77,1)
AddModel('Crate2','Crate2.obj','',-0.3281862,0,-0.944613,0,0,1,0,0,0.944613,0,-0.3281862,0,8.73,4.8,-8.83,1)
AddModel('Crate3','Crate3.obj','',1,0,0,0,0,1,0,0,0,0,1,0,13.05,4.68,2.77,1)
AddModel('Crate2','Crate2.obj','',1,0,0,0,0,1,0,0,0,0,1,0,12.31,4.77,4.03,1)
AddModel('Crate4','Crate4.obj','',1,0,0,0,0,1,0,0,0,0,1,0,1.8,0,-9.42,1)
AddModel('Prehistoric','Prehistoric.obj','',0.04255962,0,0,0,0,0.04255964,0,0,0,0,0.04255964,0,0,0,-43,1)
AddModel('Floor','Floor.obj','',0.09115341,0,0,0,0,0.02036507,0,0,0,0,0.1406101,0,0,-0.6,-44,1)
AddModel('Bench','Bench.obj','',-1.192093E-07,0,-0.9999999,0,0,1,0,0,0.9999999,0,-1.192093E-07,0,-8.5,0,-32,1)
AddModel('Bench','Bench.obj','',-1.192093E-07,0,-0.9999999,0,0,1,0,0,0.9999999,0,-1.192093E-07,0,8.5,0,-32,1)
AddModel('CornerBench','CornerBench.obj','',-1.192093E-07,0,-0.9999999,0,0,1,0,0,0.9999999,0,-1.192093E-07,0,-17.07,0,-50.49,1)
AddModel('trexsocket','trexsocket.obj','',1.731193E-07,0,0.3227177,0,0,0.3227177,0,0,-0.3227177,0,1.731193E-07,0,0,0,-55,1)
AddModel('Vitrine2','Vitrine2.obj','',-0.7880105,0,-0.6156618,0,0,1,0,0,4.088008,0,-5.232407,0,-16.6,0,-65.75,1)
AddModel('Vitrine2','Vitrine2.obj','',0.7880107,0,-0.6156615,0,0,1,0,0,4.088006,0,5.232409,0,16.6,0,-66.75,1)
AddModel('Crate4','Crate4.obj','',1,0,0,0,0,1,0,0,0,0,1,0,17.28,0,-49.43,1)
AddModel('T_Rex_Body','T_Rex_Body.obj','',0.3830222,0,-0.3213938,0,0,0.5,0,0,0.3213938,0,0.3830222,0,0,1.064968,-55,1)
