AddModel('Mainhall','Mainhall.obj','',37.82206,29.97807,37.82206,0,-0.1950904,0,0.9807853,0.9238795,0,0.3826835,0,0,1,0,0,-0.3826835,0,0.9238795,0,0,0,0,1)
AddModel('Door','Door.obj','',6.274433,4.706265,2.287852,0,0,0,1,2.340595,0,0,0,0,2.340595,0,0,0,0,2.340595,0,-0.51,0,-11.15,1)
AddModel('Desk','Desk.obj','',8.368975,2.232792,7.937235,0,0,0,1,1,0,0,0,0,1,0,0,0,0,1,0,0,0,0,1)
AddModel('Chair','Chair.obj','',1.377632,2.323553,1.33209,0,0,0,1,1,0,0,0,0,1,0,0,0,0,1,0,0,0,0,1)
AddModel('Touchpad','Touchpad.obj','',0.676999,0.637447,0.204536,0,0,0,1,1,0,0,0,0,1,0,0,0,0,1,0,0,1.458,1.92,1)
AddModel('Crate3','Crate3.obj','',1.099036,1.099028,1.099028,0,0,0,1,1,0,0,0,0,1,0,0,0,0,1,0,-4.71,0,0,1)
AddModel('Crate2','Crate2.obj','Crate2_Albedo.tga',0.943664,0.94366,0.943659,0,0,0,1,1,0,0,0,0,1,0,0,0,0,1,0,-4.375,0,6.71,1)
AddModel('Crate1','Crate1.obj','',1.181123,0.938236,1.203403,0,-0.1934754,0,0.9811051,0.9251345,0,0.3796394,0,0,1,0,0,-0.3796394,0,0.9251345,0,-4.71,1.01,0,1)
AddModel('Crate3','Crate3.obj','',1.099036,1.099028,1.099028,0,0,0,1,1,0,0,0,0,1,0,0,0,0,1,0,-9.37,4.775,-8.14,1)
AddModel('Crate3','Crate3.obj','',1.099036,1.099028,1.099028,0,0,0,1,1,0,0,0,0,1,0,0,0,0,1,0,-10.49,4.775,-8.67,1)
AddModel('Crate3','Crate3.obj','',1.099036,1.099028,1.099028,0,0,0,1,1,0,0,0,0,1,0,0,0,0,1,0,-10.51,4.775,-7.58,1)
AddModel('Crate2','Crate2.obj','',0.943664,0.94366,0.943659,0,0,0,1,1,0,0,0,0,1,0,0,0,0,1,0,-9.89,5.84,-8.14,1)
AddModel('Crate2','Crate2.obj','',0.943664,0.94366,0.943659,0,0,0,1,1,0,0,0,0,1,0,0,0,0,1,0,0,0,0,1)
AddModel('Crate1','Crate1.obj','',1.251987,0.938236,1.265097,0,0.2746446,0,0.9615459,0.8491407,0,-0.5281667,0,0,1,0,0,0.5281667,0,0.8491407,0,4.7,0,0,1)
AddModel('Crate1','Crate1.obj','',1.251987,0.938236,1.265097,0,0.2746446,0,0.9615459,0.8491407,0,-0.5281667,0,0,1,0,0,0.5281667,0,0.8491407,0,4.7,0,0.967,1)
AddModel('Crate2','Crate2.obj','',1.299713,0.94366,1.299711,0,0.2746446,0,0.9615459,0.8491407,0,-0.5281667,0,0,1,0,0,0.5281667,0,0.8491407,0,4.7,0.953,0.49,1)
AddModel('Crate1','Crate1.obj','',1.220767,0.938236,1.23853,0,0.2342152,0,0.9721848,0.8902864,0,-0.4554009,0,0,1,0,0,0.4554009,0,0.8902864,0,1.371,2.192,3.085,1)
AddModel('Crate1','Crate1.obj','',0.893348,0.938236,0.934192,0,0,0,1,1,0,0,0,0,1,0,0,0,0,1,0,10.1,4.777398,-8.77,1)
AddModel('Crate2','Crate2.obj','',1.20109,0.94366,1.201093,0,0.8149191,0,0.5795748,-0.3281862,0,-0.944613,0,0,1,0,0,0.944613,0,-0.3281862,0,8.73,4.8,-8.83,1)
AddModel('Crate3','Crate3.obj','',1.099036,1.099028,1.099028,0,0,0,1,1,0,0,0,0,1,0,0,0,0,1,0,13.05,4.68,2.77,1)
AddModel('Crate2','Crate2.obj','',0.943664,0.94366,0.943659,0,0,0,1,1,0,0,0,0,1,0,0,0,0,1,0,12.31,4.77,4.03,1)
AddModel('Crate4','Crate4.obj','',1.390185,1.390185,1.390185,0,0,0,1,1,0,0,0,0,1,0,0,0,0,1,0,1.8,0,-9.42,1)
AddModel('Prehistoric','Prehistoric.obj','',41.5278,29.83697,56.69412,0,0,0,1,0.04255962,0,0,0,0,0.04255964,0,0,0,0,0.04255964,0,0,0,-43,1)
AddModel('Floor','Floor.obj','',42.3903,0.5991459,65.3898,0,0,0,1,0.09115341,0,0,0,0,0.02036507,0,0,0,0,0.1406101,0,0,-0.6,-44,1)
AddModel('Bench','Bench.obj','',1.031392,1.026844,6.396438,0,0.7071068,0,0.7071067,-1.192093E-07,0,-0.9999999,0,0,1,0,0,0.9999999,0,-1.192093E-07,0,-8.5,0,-32,1)
AddModel('Bench','Bench.obj','',1.031392,1.026844,6.396438,0,0.7071068,0,0.7071067,-1.192093E-07,0,-0.9999999,0,0,1,0,0,0.9999999,0,-1.192093E-07,0,8.5,0,-32,1)
AddModel('CornerBench','CornerBench.obj','',6.396457,1.026844,6.966936,0,0.7071077,0,0.7071059,-2.622604E-06,0,-1,0,0,1,0,0,1,0,-2.622604E-06,0,-16.83,0,-50.3,1)
AddModel('trexsocket','trexsocket.obj','land.tga',13.66023,1.103174,8.919676,0,-0.7071068,0,0.7071067,-3.847095E-08,0,0.3227177,0,0,0.3227177,0,0,-0.3227177,0,-3.847095E-08,0,3.80186E-07,0,-55,1)
AddModel('Vitrine2','Vitrine2.obj','',6.257587,2.317101,7.271248,0,0.9429571,0,0.3329142,-0.7783362,0,-0.6278477,0,0,1,0,0,4.168922,0,-5.168169,0,-16.69387,0,-66.68697,1)
AddModel('Vitrine2','Vitrine2.obj','',6.171907,2.317101,7.332773,0,0.3255705,0,0.9455178,0.7880077,0,-0.6156653,0,0,1,0,0,4.088031,0,5.232389,0,16.56366,0,-66.93725,1)
AddModel('Crate4','Crate4.obj','',2.164098,2.164098,2.164098,0,0,0,1,1.556698,0,0,0,0,1.556698,0,0,0,0,1.556698,0,17.28,0,-49.43,1)
AddModel('Framewide','Framewide.obj','',4.587545,2.285511,0.131554,0,0,0,1,0.7232673,0,0,0,0,0.8274746,0,0,0,0,0.8945781,0,-8.31,3.16,-41.453,1)
AddModel('T_Rex_Body','T_Rex_Body.obj','',7.299197,7.938145,7.886615,0,0.3420202,0,0.9396926,0.3830222,0,-0.3213938,0,0,0.5,0,0,0.3213938,0,0.3830222,0,0,1.064968,-55,1)
