AddModel('Mainhall_Room','Mainhall_Room.obj','Mainhall_Room_lambert10SG_AlbedoTransparency.tga',48.85887,52.32488,48.11662,0,0,0,1,4,0,0,0,0,4,0,0,0,0,4,0,0,0,0,1)
AddModel('Art_Room','Art_Room.obj','',82.76932,9.108084,63.70281,0,0,0,1,4,0,0,0,0,4,0,0,0,0,4,0,0,0,0,1)
AddModel('Ancienthistory_Room','Ancienthistory_Room.obj','',56.50568,11.96973,46.40487,0,0,0,1,4,0,0,0,0,4,0,0,0,0,4,0,0,0,0,1)
AddModel('Medieval_Room','Medieval_Room.obj','',53.72189,13.69018,49.04058,0,0,0,1,4,0,0,0,0,4,0,0,0,0,4,0,0,0,0,1)
AddModel('Modernhistory_Room','Modernhistory_Room.obj','',29.43927,8.900001,39.7002,0,0,0,1,4,0,0,0,0,4,0,0,0,0,4,0,0,0,0,1)
AddModel('Prehistoric_Room','Prehistoric_Room.obj','',57.12294,22.45854,49.23648,0,0,0,1,4,0,0,0,0,4,0,0,0,0,4,0,0,0,0,1)
AddModel('Doorframe1','Doorframe1.obj','',9.244812,7.309852,2.066676,0,0,0,1,4,0,0,0,0,4,0,0,0,0,4,0,0.55,0,-19.43,1)
AddModel('Door1','Door1.obj','',2.888428,6.590296,0.317896,0,0,0,1,4,0,0,0,0,4,0,0,0,0,4,0,0.55,0,-19.43,1)
AddModel('Door2','Door2.obj','',3.264968,6.59722,0.317896,0,0,0,1,4,0,0,0,0,4,0,0,0,0,4,0,0.55,0,-19.43,1)
AddModel('Doorframe2','Doorframe2.obj','',6.412199,7.309852,9.03958,0,0.5000001,0,0.8660254,2,0,-3.464102,0,0,4,0,0,3.464102,0,2,0,-16.82,0,-9.98,1)
AddModel('Door3','Door3.obj','',1.71952,6.590296,2.6604,0,0.5000001,0,0.8660254,2,0,-3.464102,0,0,4,0,0,3.464102,0,2,0,-16.82,0,-9.98,1)
AddModel('Door4','Door4.obj','',1.90779,6.59722,2.986494,0,0.5000001,0,0.8660254,2,0,-3.464102,0,0,4,0,0,3.464102,0,2,0,-16.82,0,-9.98,1)
AddModel('Doorframe3','Doorframe3.obj','',6.412203,7.309852,9.03958,0,0.8660255,0,0.4999999,-2.000001,0,-3.464101,0,0,4,0,0,3.464101,0,-2.000001,0,-17.1,0,9.36,1)
AddModel('Door5','Door5.obj','',1.719521,6.590296,2.6604,0,0.8660255,0,0.4999999,-2.000001,0,-3.464101,0,0,4,0,0,3.464101,0,-2.000001,0,-17.1,0,9.36,1)
AddModel('Door6','Door6.obj','',1.907791,6.59722,2.986493,0,0.8660255,0,0.4999999,-2.000001,0,-3.464101,0,0,4,0,0,3.464101,0,-2.000001,0,-17.1,0,9.36,1)
AddModel('Doorframe4','Doorframe4.obj','',9.244813,10.23619,2.066679,0,1,0,-1.629207E-07,-4,0,1.303365E-06,0,0,5.60131,0,0,-1.303365E-06,0,-4,0,-0.14,0,19.36,1)
AddModel('Door7','Door7.obj','',2.888428,9.228572,0.317897,0,1,0,-1.629207E-07,-4,0,1.303365E-06,0,0,5.60131,0,0,-1.303365E-06,0,-4,0,-0.14,0,19.36,1)
AddModel('Door8','Door8.obj','',3.264968,9.238268,0.3178971,0,1,0,-1.629207E-07,-4,0,1.303365E-06,0,0,5.60131,0,0,-1.303365E-06,0,-4,0,-0.14,0,19.36,1)
AddModel('Doorframe5','Doorframe5.obj','',6.412196,7.309852,9.039581,0,0.8660253,0,-0.5000002,-1.999998,0,3.464103,0,0,4,0,0,-3.464103,0,-1.999998,0,16.72,0,9.8,1)
AddModel('Door9','Door9.obj','',1.719519,6.590296,2.660401,0,0.8660253,0,-0.5000002,-1.999998,0,3.464103,0,0,4,0,0,-3.464103,0,-1.999998,0,16.72,0,9.8,1)
AddModel('Door10','Door10.obj','',1.907789,6.59722,2.986494,0,0.8660253,0,-0.5000002,-1.999998,0,3.464103,0,0,4,0,0,-3.464103,0,-1.999998,0,16.72,0,9.8,1)
AddModel('Doorframe6','Doorframe6.obj','',6.412203,7.309852,9.039578,0,0.4999998,0,-0.8660255,2.000001,0,3.464101,0,0,4,0,0,-3.464101,0,2.000001,0,16.97,0,-9.53,1)
AddModel('Door11','Door11.obj','',1.719521,6.590296,2.6604,0,0.4999998,0,-0.8660255,2.000001,0,3.464101,0,0,4,0,0,-3.464101,0,2.000001,0,16.97,0,-9.53,1)
AddModel('Door12','Door12.obj','',1.907791,6.59722,2.986493,0,0.4999998,0,-0.8660255,2.000001,0,3.464101,0,0,4,0,0,-3.464101,0,2.000001,0,16.97,0,-9.53,1)
AddModel('Chair_UV','Chair_UV.obj','Chair_UV_Albedo.tga',1.508972,2.631651,1.560525,0,0,0,1,0.15,0,0,0,0,0.15,0,0,0,0,0.15,0,0,0,0,1)
AddModel('TableUV','TableUV.obj','TableUV_Albedo.tga',11.77896,2.221972,11.77142,0,0.9305236,0,0.366232,-0.006197474,0,-0.005772537,0,0,0.008469407,0,0,0.005772537,0,-0.006197474,0,0,0,0,1)
AddModel('Touchpad','Touchpad.obj','',0.676999,0.637447,0.204536,0,0,0,1,1,0,0,0,0,1,0,0,0,0,1,0,0,1.458,2.082,1)
AddModel('Crate3','Crate3.obj','',1.099036,1.099028,1.099028,0,0,0,1,1,0,0,0,0,1,0,0,0,0,1,0,-4.71,0,0,1)
AddModel('Crate1','Crate1.obj','',1.181123,0.938236,1.203403,0,-0.1934754,0,0.9811051,0.9251345,0,0.3796394,0,0,1,0,0,-0.3796394,0,0.9251345,0,-4.71,1.01,0,1)
AddModel('Crate3','Crate3.obj','',1.099036,1.099028,1.099028,0,0,0,1,1,0,0,0,0,1,0,0,0,0,1,0,-17.737,-0.13,-1.07,1)
AddModel('Crate3','Crate3.obj','',1.099036,1.099028,1.099028,0,0,0,1,1,0,0,0,0,1,0,0,0,0,1,0,-18.857,-0.13,-1.6,1)
AddModel('Crate3','Crate3.obj','',1.099036,1.099028,1.099028,0,0,0,1,1,0,0,0,0,1,0,0,0,0,1,0,-18.877,-0.13,-0.51,1)
AddModel('Crate2','Crate2.obj','',0.943664,0.94366,0.943659,0,0,0,1,1,0,0,0,0,1,0,0,0,0,1,0,-18.257,0.93,-1.07,1)
AddModel('Crate1','Crate1.obj','',1.251987,0.938236,1.265097,0,0.2746446,0,0.9615459,0.8491407,0,-0.5281667,0,0,1,0,0,0.5281667,0,0.8491407,0,4.7,0,0,1)
AddModel('Crate1','Crate1.obj','',1.251987,0.938236,1.265097,0,0.2746446,0,0.9615459,0.8491407,0,-0.5281667,0,0,1,0,0,0.5281667,0,0.8491407,0,4.7,0,0.967,1)
AddModel('Crate2','Crate2.obj','',1.299713,0.94366,1.299711,0,0.2746446,0,0.9615459,0.8491407,0,-0.5281667,0,0,1,0,0,0.5281667,0,0.8491407,0,4.7,0.953,0.49,1)
AddModel('Crate1','Crate1.obj','',1.220767,0.938236,1.23853,0,0.2342152,0,0.9721848,0.8902864,0,-0.4554009,0,0,1,0,0,0.4554009,0,0.8902864,0,1.61,2.192,3.11,1)
AddModel('Crate1','Crate1.obj','',0.893348,0.938236,0.934192,0,0,0,1,1,0,0,0,0,1,0,0,0,0,1,0,8.15,-0.07,-16.88,1)
AddModel('Crate2','Crate2.obj','',1.20109,0.94366,1.201093,0,0.8149191,0,0.5795748,-0.3281862,0,-0.944613,0,0,1,0,0,0.944613,0,-0.3281862,0,7.09,-0.05,-17.05,1)
AddModel('Crate3','Crate3.obj','',1.099036,1.099028,1.099028,0,0,0,1,1,0,0,0,0,1,0,0,0,0,1,0,18.43,0.02,2.77,1)
AddModel('Crate2','Crate2.obj','',0.943664,0.94366,0.943659,0,0,0,1,1,0,0,0,0,1,0,0,0,0,1,0,18.31,0.11,4.03,1)
AddModel('Crate4','Crate4.obj','',1.390185,1.390185,1.390185,0,0,0,1,1,0,0,0,0,1,0,0,0,0,1,0,-12.6,0,-12.78,1)
AddModel('trexsocket','trexsocket.obj','trexsocket_Albedo.tga',17.83384,1.351709,19.95992,0,0.9659259,0,0.258819,-0.3424465,0,-0.1977115,0,0,0.3954231,0,0,0.1977115,0,-0.3424465,0,-53.7,0,-29.75,1)
AddModel('CornerBench','CornerBench.obj','Corner Bench Albedo-OC.tga',9.022939,1.026844,9.231749,0,-0.8660255,0,0.4999999,-0.5000004,0,0.8660253,0,0,1,0,0,-0.8660253,0,-0.5000004,0,-55.95,0,-12.03,1)
AddModel('Crate4','Crate4.obj','',2.956213,2.164098,2.956213,0,0.5000001,0,0.8660254,0.7783487,0,-1.34814,0,0,1.556698,0,0,1.34814,0,0.7783487,0,-36.22855,0,-41.07992,1)
AddModel('Bench','Bench.obj','Bench Base Colour.tga',6.055174,1.026844,4.091429,0,0.9659259,0,0.258819,-0.8660256,0,-0.4999999,0,0,1,0,0,0.4999999,0,-0.8660256,0,-37.95,0,-11.56,1)
AddModel('Bench','Bench.obj','Bench Base Colour.tga',6.055173,1.026844,4.09143,0,-0.2588191,0,0.9659258,0.8660254,0,0.5000001,0,0,1,0,0,-0.5000001,0,0.8660254,0,-29.52,0,-26.16,1)
AddModel('T_Rex_Body','T_Rex_Body.obj','T_Rex_UV_Albedo-OC2.tga',10.94248,10.42438,7.239183,0,0.8204789,0,0.5716769,-0.2274277,0,-0.6159557,0,0,0.656601,0,0,0.6159558,0,-0.2274277,0,-52.66,1.15,-27.26,1)
AddModel('Framehuge','Framehuge.obj','Frame Huge ALB-OC.tga',4.553915,4.207814,7.732083,0,0.5000001,0,0.8660254,0.9650581,0,-1.67153,0,0,1.138717,0,0,0.8660255,0,0.4999999,0,-45.2,2.17,-15.63,1)
AddModel('Framehuge','Framehuge.obj','Frame Huge ALB-OC.tga',4.553915,4.207814,7.732083,0,0.5000001,0,0.8660254,0.9650582,0,-1.67153,0,0,1.138717,0,0,0.8660255,0,0.4999999,0,-36.52,2.17,-30.67,1)
AddModel('Framehuge','Framehuge.obj','Frame Huge ALB-OC.tga',7.144268,4.207814,4.214534,0,0.2588187,0,-0.9659259,1.543165,0,0.8909451,0,0,1.138717,0,0,-0.4999994,0,0.8660258,0,-30.33,2.17,-33,1)
AddModel('Framehuge','Framehuge.obj','Frame Huge ALB-OC.tga',7.22895,4.207814,4.263425,0,0.2588187,0,-0.9659259,1.561657,0,0.9016218,0,0,1.138717,0,0,-0.4999994,0,0.8660258,0,-23.09,2.17,-28.92,1)
AddModel('Framehuge','Framehuge.obj','Frame Huge ALB-OC.tga',4.366906,4.207814,7.408181,0,0.8660253,0,-0.5000002,-0.9242196,0,1.600797,0,0,1.138717,0,0,-0.8660257,0,-0.4999995,0,-21.69,2.17,-22.48,1)
AddModel('Balista_Base','Balista_Base.obj','',3.524027,3.564065,7.566401,0,0,0,1,0.4384249,0,0,0,0,0.4384249,0,0,0,0,0.4384249,0,-37.75,0,34.78,1)
AddModel('Weaponrack_Single','Weaponrack_Single.obj','',2.670897,2.100534,1.764779,0,0.8660255,0,0.4999999,-0.5000004,0,-0.8660253,0,0,1,0,0,0.8660253,0,-0.5000004,0,-47.96,0,9.67,1)
AddModel('Weaponrack_Single','Weaponrack_Single.obj','',2.670897,2.100534,1.764779,0,0.8660255,0,0.4999999,-0.5000004,0,-0.8660253,0,0,1,0,0,0.8660253,0,-0.5000004,0,-45.67,0,8.39,1)
AddModel('Weaponrack_Single','Weaponrack_Single.obj','',2.670897,2.100534,1.764779,0,0.8660255,0,0.4999999,-0.5000004,0,-0.8660253,0,0,1,0,0,0.8660253,0,-0.5000004,0,-43.39,0,7.1,1)
AddModel('KnightArmor_UV','KnightArmor_UV.obj','',2.93958,5.50592,3.245543,0,0.8660255,0,0.4999999,-0.2500002,0,-0.4330127,0,0,0.5,0,0,0.4330127,0,-0.2500002,0,-43.64,-0.07,31.58,1)
AddModel('KnightArmor_UV','KnightArmor_UV.obj','',2.939584,5.505923,3.245543,-0.4999998,-2.007266E-07,0.8660255,-3.040141E-07,0.2500002,1.629207E-07,0.4330126,0,-3.636472E-07,0.5,2.182738E-08,0,0.4330126,3.258414E-07,-0.2500002,0,-49.25,0.03,21.96,1)
AddModel('Bench','Bench.obj','Bench Base Colour.tga',4.091429,1.026844,6.055174,0,-0.5000001,0,0.8660254,0.4999999,0,0.8660255,0,0,1,0,0,-0.8660255,0,0.4999999,0,-33.57,0,8.6,1)
AddModel('Bench','Bench.obj','Bench Base Colour.tga',4.091429,1.026844,6.055174,0,-0.5000001,0,0.8660254,0.4999999,0,0.8660255,0,0,1,0,0,-0.8660255,0,0.4999999,0,-24.94,0,23.54,1)
AddModel('Bench','Bench.obj','Bench Base Colour.tga',6.055174,1.026844,4.091429,0,-0.9659259,0,0.258819,-0.8660256,0,0.4999999,0,0,1,0,0,-0.4999999,0,-0.8660256,0,-41.19,0,46.05,1)
