AddModel('SUPERROOM','SUPERROOM.obj','',158.1124,51.17106,172.2179,0,0.8660255,0,0.4999999,-1.955883,0,-3.387687,0,0,3.911765,0,0,3.387688,0,-1.955884,0,0,0,0,1)
AddModel('Desk','Desk.obj','',8.368975,2.232792,7.937235,0,0,0,1,1,0,0,0,0,1,0,0,0,0,1,0,0,0,0,1)
AddModel('Chair','Chair.obj','',1.377632,2.323553,1.33209,0,0,0,1,1,0,0,0,0,1,0,0,0,0,1,0,0,0,0,1)
AddModel('Touchpad','Touchpad.obj','',0.676999,0.637447,0.204536,0,0,0,1,1,0,0,0,0,1,0,0,0,0,1,0,0,1.458,1.92,1)
AddModel('Crate3','Crate3.obj','',1.099036,1.099028,1.099028,0,0,0,1,1,0,0,0,0,1,0,0,0,0,1,0,-4.71,0,0,1)
AddModel('Crate1','Crate1.obj','',1.181123,0.938236,1.203403,0,-0.1934754,0,0.9811051,0.9251345,0,0.3796394,0,0,1,0,0,-0.3796394,0,0.9251345,0,-4.71,1.01,0,1)
AddModel('Crate3','Crate3.obj','',1.099036,1.099028,1.099028,0,0,0,1,1,0,0,0,0,1,0,0,0,0,1,0,-16.82,-0.13,-1.07,1)
AddModel('Crate3','Crate3.obj','',1.099036,1.099028,1.099028,0,0,0,1,1,0,0,0,0,1,0,0,0,0,1,0,-17.94,-0.13,-1.6,1)
AddModel('Crate3','Crate3.obj','',1.099036,1.099028,1.099028,0,0,0,1,1,0,0,0,0,1,0,0,0,0,1,0,-17.96,-0.13,-0.51,1)
AddModel('Crate2','Crate2.obj','',0.943664,0.94366,0.943659,0,0,0,1,1,0,0,0,0,1,0,0,0,0,1,0,-17.34,0.93,-1.07,1)
AddModel('Crate1','Crate1.obj','',1.251987,0.938236,1.265097,0,0.2746446,0,0.9615459,0.8491407,0,-0.5281667,0,0,1,0,0,0.5281667,0,0.8491407,0,4.7,0,0,1)
AddModel('Crate1','Crate1.obj','',1.251987,0.938236,1.265097,0,0.2746446,0,0.9615459,0.8491407,0,-0.5281667,0,0,1,0,0,0.5281667,0,0.8491407,0,4.7,0,0.967,1)
AddModel('Crate2','Crate2.obj','',1.299713,0.94366,1.299711,0,0.2746446,0,0.9615459,0.8491407,0,-0.5281667,0,0,1,0,0,0.5281667,0,0.8491407,0,4.7,0.953,0.49,1)
AddModel('Crate1','Crate1.obj','',1.220767,0.938236,1.23853,0,0.2342152,0,0.9721848,0.8902864,0,-0.4554009,0,0,1,0,0,0.4554009,0,0.8902864,0,1.371,2.192,3.085,1)
AddModel('Crate1','Crate1.obj','',0.893348,0.938236,0.934192,0,0,0,1,1,0,0,0,0,1,0,0,0,0,1,0,8.15,-0.07,-16.18,1)
AddModel('Crate2','Crate2.obj','',1.20109,0.94366,1.201093,0,0.8149191,0,0.5795748,-0.3281862,0,-0.944613,0,0,1,0,0,0.944613,0,-0.3281862,0,6.78,-0.05,-16.24,1)
AddModel('Crate3','Crate3.obj','',1.099036,1.099028,1.099028,0,0,0,1,1,0,0,0,0,1,0,0,0,0,1,0,18.3,0.02,2.77,1)
AddModel('Crate2','Crate2.obj','',0.943664,0.94366,0.943659,0,0,0,1,1,0,0,0,0,1,0,0,0,0,1,0,17.56,0.11,4.03,1)
AddModel('Crate4','Crate4.obj','',1.390185,1.390185,1.390185,0,0,0,1,1,0,0,0,0,1,0,0,0,0,1,0,-10.62,0,-12.78,1)
AddModel('trexsocket','trexsocket.obj','trexsocket_Albedo.tga',17.83384,1.351709,19.95992,0,-0.2588191,0,0.9659258,0.3424464,0,0.1977116,0,0,0.3954231,0,0,-0.1977116,0,0.3424464,0,-50.78,0,-28.8,1)
AddModel('CornerBench','CornerBench.obj','',9.231745,1.026844,9.022932,0,0.9659262,0,0.2588178,-0.866027,0,-0.4999978,0,0,1,0,0,0.4999978,0,-0.866027,0,-54.8,0,-12.42,1)
AddModel('Crate4','Crate4.obj','',2.956213,2.164098,2.956213,0,0.5000001,0,0.8660254,0.7783487,0,-1.34814,0,0,1.556698,0,0,1.34814,0,0.7783487,0,-36.22855,0,-41.07992,1)
AddModel('Framewide','Framewide.obj','',2.407701,2.285511,4.038708,0,0.5000001,0,0.8660254,0.3616336,0,-0.6263679,0,0,0.8274747,0,0,0.7747275,0,0.447289,0,-43.77,3.16,-15.88,1)
AddModel('Bench','Bench.obj','Bench Base Colour.tga',6.055174,1.026844,4.091429,0,0.9659259,0,0.258819,-0.8660256,0,-0.4999999,0,0,1,0,0,0.4999999,0,-0.8660256,0,-37.95,0,-11.56,1)
AddModel('Bench','Bench.obj','Bench Base Colour.tga',6.055173,1.026844,4.09143,0,-0.2588191,0,0.9659258,0.8660254,0,0.5000001,0,0,1,0,0,-0.5000001,0,0.8660254,0,-29.52,0,-26.16,1)
AddModel('T_Rex_Body','T_Rex_Body.obj','T_Rex_UV_Albedo.tga',10.35465,9.863584,7.034524,0,0.8272944,0,0.5617687,-0.2291473,0,-0.5774755,0,0,0.621278,0,0,0.5774755,0,-0.2291473,0,-52.94,1.25,-28.2,1)
